[ -138 138 198 -198 162 -21 15 15 21 -78 ]
[ 36 156 -156 -36 -84 12 0 0 12 -84 ]
[ 198 -198 -138 138 -78 21 -15 -15 -21 162 ]
[ -710 550 650 -490 30 565 145 -175 715 270 ]
[ -36 -156 156 36 -364 -12 192 832 -12 -236 ]
[ 650 -490 -710 550 270 -565 175 -145 -715 30 ]
[ 464 -304 -464 304 -96 -592 -160 160 -688 -96 ]
[ 0 0 0 0 256 0 -192 -832 0 128 ]
[ -464 304 464 -304 -96 592 -160 160 688 -96 ]
[ -138 138 198 -198 162 21 -15 -15 -21 -78 ]
[ 0 0 0 0 0 -30 -18 78 54 0 ]
[ 138 -138 -198 198 -162 21 -15 -15 -21 78 ]
[ -550 710 490 -650 30 715 175 -145 565 270 ]
[ 96 -416 416 -96 -64 -162 18 -78 138 64 ]
[ 710 -550 -650 490 -30 -565 -145 175 -715 -270 ]
[ 304 -464 -304 464 -96 -688 -160 160 -592 -96 ]
[ -96 416 -416 96 64 96 0 0 -96 -64 ]
[ -464 304 464 -304 96 592 160 -160 688 96 ]
[ -198 198 138 -138 78 21 -15 -15 -21 -162 ]
[ -36 -156 156 36 84 12 0 0 12 84 ]
[ 138 -138 -198 198 -162 -21 15 15 21 78 ]
[ -490 650 550 -710 -270 715 -145 175 565 -30 ]
[ 36 156 -156 -36 236 -12 -192 -832 -12 364 ]
[ 550 -710 -490 650 -30 -715 -175 145 -565 -270 ]
[ 304 -464 -304 464 96 -688 160 -160 -592 96 ]
[ 0 0 0 0 -128 0 192 832 0 -256 ]
[ -304 464 304 -464 96 688 160 -160 592 96 ]
[ -198 198 138 -138 78 -21 15 15 21 -162 ]
[ 0 0 0 0 0 54 18 -78 -30 0 ]
[ 198 -198 -138 138 -78 -21 15 15 21 162 ]
[ -650 490 710 -550 -270 565 -175 145 715 -30 ]
[ -96 416 -416 96 -64 138 -18 78 -162 64 ]
[ 490 -650 -550 710 270 -715 145 -175 -565 30 ]
[ 464 -304 -464 304 96 -592 160 -160 -688 96 ]
[ 96 -416 416 -96 64 -96 0 0 96 -64 ]
[ -304 464 304 -464 -96 688 -160 160 592 -96 ]
[ -36 -156 156 36 84 -12 0 0 -12 84 ]
[ 0 0 0 0 0 30 18 -78 -54 0 ]
[ 36 156 -156 -36 -84 -42 -18 78 42 -84 ]
[ 36 156 -156 -36 364 12 -192 -832 12 236 ]
[ -96 416 -416 96 64 162 -18 78 -138 -64 ]
[ 60 -572 572 -60 -300 -150 210 754 150 -300 ]
[ 0 0 0 0 -256 0 192 832 0 -128 ]
[ 96 -416 416 -96 -64 -96 0 0 96 64 ]
[ -96 416 -416 96 192 96 -192 -832 -96 192 ]
[ 36 156 -156 -36 -84 -12 0 0 -12 -84 ]
[ 0 0 0 0 0 -54 -18 78 30 0 ]
[ -36 -156 156 36 84 42 18 -78 -42 84 ]
[ -36 -156 156 36 -236 12 192 832 12 -364 ]
[ 96 -416 416 -96 64 -138 18 -78 162 -64 ]
[ -60 572 -572 60 300 150 -210 -754 -150 300 ]
[ 0 0 0 0 128 0 -192 -832 0 256 ]
[ -96 416 -416 96 -64 96 0 0 -96 64 ]
[ 96 -416 416 -96 -192 -96 192 832 96 -192 ]
[ -198 198 138 -138 -78 -21 -15 -15 21 162 ]
[ -36 -156 156 36 -84 -12 0 0 -12 -84 ]
[ 138 -138 -198 198 162 21 15 15 -21 -78 ]
[ -490 650 550 -710 270 -715 -145 175 -565 30 ]
[ 36 156 -156 -36 -236 12 -192 -832 12 -364 ]
[ 550 -710 -490 650 30 715 -175 145 565 270 ]
[ 304 -464 -304 464 -96 688 160 -160 592 -96 ]
[ 0 0 0 0 128 0 192 832 0 256 ]
[ -304 464 304 -464 -96 -688 160 -160 -592 -96 ]
[ -198 198 138 -138 -78 21 15 15 -21 162 ]
[ 0 0 0 0 0 -54 18 -78 30 0 ]
[ 198 -198 -138 138 78 21 15 15 -21 -162 ]
[ -650 490 710 -550 270 -565 -175 145 -715 30 ]
[ -96 416 -416 96 64 -138 -18 78 162 -64 ]
[ 490 -650 -550 710 -270 715 145 -175 565 -30 ]
[ 464 -304 -464 304 -96 592 160 -160 688 -96 ]
[ 96 -416 416 -96 -64 96 0 0 -96 64 ]
[ -304 464 304 -464 96 -688 -160 160 -592 96 ]
[ -138 138 198 -198 -162 21 15 15 -21 78 ]
[ 36 156 -156 -36 84 -12 0 0 -12 84 ]
[ 198 -198 -138 138 78 -21 -15 -15 21 -162 ]
[ -710 550 650 -490 -30 -565 145 -175 -715 -270 ]
[ -36 -156 156 36 364 12 192 832 12 236 ]
[ 650 -490 -710 550 -270 565 175 -145 715 -30 ]
[ 464 -304 -464 304 96 592 -160 160 688 96 ]
[ 0 0 0 0 -256 -0 -192 -832 0 -128 ]
[ -464 304 464 -304 96 -592 -160 160 -688 96 ]
[ -138 138 198 -198 -162 -21 -15 -15 21 78 ]
[ 0 0 0 0 0 30 -18 78 -54 0 ]
[ 138 -138 -198 198 162 -21 -15 -15 21 -78 ]
[ -550 710 490 -650 -30 -715 175 -145 -565 -270 ]
[ 96 -416 416 -96 64 162 18 -78 -138 -64 ]
[ 710 -550 -650 490 30 565 -145 175 715 270 ]
[ 304 -464 -304 464 96 688 -160 160 592 96 ]
[ -96 416 -416 96 -64 -96 0 0 96 64 ]
[ -464 304 464 -304 -96 -592 160 -160 -688 -96 ]
[ 36 156 -156 -36 84 12 0 0 12 84 ]
[ 0 0 0 0 0 54 -18 78 -30 0 ]
[ -36 -156 156 36 -84 -42 18 -78 42 -84 ]
[ -36 -156 156 36 236 -12 192 832 -12 364 ]
[ 96 -416 416 -96 -64 138 18 -78 -162 64 ]
[ -60 572 -572 60 -300 -150 -210 -754 150 -300 ]
[ 0 0 0 0 -128 0 -192 -832 0 -256 ]
[ -96 416 -416 96 64 -96 0 0 96 -64 ]
[ 96 -416 416 -96 192 96 192 832 -96 192 ]
[ -36 -156 156 36 -84 12 0 0 12 -84 ]
[ 0 0 0 0 0 -30 18 -78 54 0 ]
[ 36 156 -156 -36 84 42 -18 78 -42 84 ]
[ 36 156 -156 -36 -364 -12 -192 -832 -12 -236 ]
[ -96 416 -416 96 -64 -162 -18 78 138 64 ]
[ 60 -572 572 -60 300 150 210 754 -150 300 ]
[ 0 0 0 0 256 0 192 832 0 128 ]
[ 96 -416 416 -96 64 96 0 0 -96 -64 ]
[ -96 416 -416 96 -192 -96 -192 -832 96 -192 ]
[ -116 76 116 -76 24 148 40 -40 172 24 ]
[ 0 0 0 0 -64 0 48 208 -0 -32 ]
[ 116 -76 -116 76 24 -148 40 -40 -172 24 ]
[ -104 104 24 -24 -144 -8 -20 -20 8 176 ]
[ -48 -208 208 48 -32 -16 0 0 -16 -32 ]
[ 24 -24 -104 104 176 8 20 20 -8 -144 ]
[ 92 -52 -12 -28 152 -156 -20 60 -164 -168 ]
[ 48 208 -208 -48 32 16 -48 -208 16 0 ]
[ -12 -28 92 -52 -168 156 -60 20 164 152 ]
[ -76 116 76 -116 24 172 40 -40 148 24 ]
[ 24 -104 104 -24 -16 -24 0 0 24 16 ]
[ 116 -76 -116 76 -24 -148 -40 40 -172 -24 ]
[ -104 104 24 -24 -144 8 20 20 -8 176 ]
[ 0 0 0 0 0 -32 24 -104 0 0 ]
[ 104 -104 -24 24 144 8 20 20 -8 -176 ]
[ 52 -92 28 12 152 -164 -60 20 -156 -168 ]
[ -24 104 -104 24 16 24 -24 104 8 -16 ]
[ -92 52 12 28 -152 156 20 -60 164 168 ]
[ -76 116 76 -116 -24 172 -40 40 148 -24 ]
[ 0 0 0 0 32 0 -48 -208 0 64 ]
[ 76 -116 -76 116 -24 -172 -40 40 -148 -24 ]
[ -24 24 104 -104 -176 8 20 20 -8 144 ]
[ 48 208 -208 -48 32 -16 0 0 -16 32 ]
[ 104 -104 -24 24 144 -8 -20 -20 8 -176 ]
[ -28 -12 -52 92 168 -164 20 -60 -156 -152 ]
[ -48 -208 208 48 0 16 48 208 16 -32 ]
[ -52 92 -28 -12 -152 164 60 -20 156 168 ]
[ -116 76 116 -76 -24 148 -40 40 172 -24 ]
[ -24 104 -104 24 -16 24 0 0 -24 16 ]
[ 76 -116 -76 116 24 -172 40 -40 -148 24 ]
[ -24 24 104 -104 -176 -8 -20 -20 8 144 ]
[ 0 0 0 0 0 0 -24 104 -32 0 ]
[ 24 -24 -104 104 176 -8 -20 -20 8 -144 ]
[ 12 28 -92 52 168 -156 60 -20 -164 -152 ]
[ 24 -104 104 -24 16 8 24 -104 24 -16 ]
[ 28 12 52 -92 -168 164 -20 60 156 152 ]
[ 0 0 0 0 64 0 -48 -208 0 32 ]
[ -24 104 -104 24 16 24 0 0 -24 -16 ]
[ 24 -104 104 -24 -48 -24 48 208 24 -48 ]
[ 48 208 -208 -48 32 16 0 0 16 32 ]
[ 0 0 0 0 0 32 -24 104 0 0 ]
[ -48 -208 208 48 -32 -16 24 -104 16 -32 ]
[ -48 -208 208 48 -32 -16 48 208 -16 0 ]
[ 24 -104 104 -24 -16 -24 24 -104 -8 16 ]
[ 24 312 -312 -24 16 8 -72 -104 -8 16 ]
[ 0 0 0 0 -32 0 48 208 0 -64 ]
[ 24 -104 104 -24 16 -24 0 0 24 -16 ]
[ -24 104 -104 24 48 24 -48 -208 -24 48 ]
[ -48 -208 208 48 -32 16 0 0 16 -32 ]
[ 0 0 0 0 0 0 24 -104 32 0 ]
[ 48 208 -208 -48 32 16 -24 104 -16 32 ]
[ 48 208 -208 -48 0 -16 -48 -208 -16 32 ]
[ -24 104 -104 24 -16 -8 -24 104 -24 16 ]
[ -24 -312 312 24 -16 -8 72 104 8 -16 ]
[ -12 52 12 -52 8 -164 -40 40 -156 8 ]
[ 0 0 0 0 0 0 -48 -208 0 -32 ]
[ 12 -52 -12 52 8 164 -40 40 156 8 ]
[ -24 24 104 -104 176 -8 20 20 8 -144 ]
[ 48 208 -208 -48 -32 16 0 0 16 -32 ]
[ 104 -104 -24 24 -144 8 -20 -20 -8 176 ]
[ -92 52 12 28 -152 156 20 -60 164 168 ]
[ -48 -208 208 48 -32 -16 48 208 -16 0 ]
[ 12 28 -92 52 168 -156 60 -20 -164 -152 ]
[ -52 12 52 -12 8 -156 -40 40 -164 8 ]
[ -24 104 -104 24 16 -8 0 0 8 -16 ]
[ 12 -52 -12 52 -8 164 40 -40 156 -8 ]
[ -24 24 104 -104 176 8 -20 -20 -8 -144 ]
[ 0 0 0 0 0 0 -24 104 32 0 ]
[ 24 -24 -104 104 -176 8 -20 -20 -8 144 ]
[ -52 92 -28 -12 -152 164 60 -20 156 168 ]
[ 24 -104 104 -24 -16 -24 24 -104 -8 16 ]
[ 92 -52 -12 -28 152 -156 -20 60 -164 -168 ]
[ -52 12 52 -12 -8 -156 40 -40 -164 -8 ]
[ 0 0 0 0 32 0 48 208 0 0 ]
[ 52 -12 -52 12 -8 156 40 -40 164 -8 ]
[ -104 104 24 -24 144 8 -20 -20 -8 -176 ]
[ -48 -208 208 48 32 16 0 0 16 32 ]
[ 24 -24 -104 104 -176 -8 20 20 8 144 ]
[ 28 12 52 -92 -168 164 -20 60 156 152 ]
[ 48 208 -208 -48 0 -16 -48 -208 -16 32 ]
[ 52 -92 28 12 152 -164 -60 20 -156 -168 ]
[ -12 52 12 -52 -8 -164 40 -40 -156 -8 ]
[ 24 -104 104 -24 16 8 0 0 -8 -16 ]
[ 52 -12 -52 12 8 156 -40 40 164 8 ]
[ -104 104 24 -24 144 -8 20 20 8 -176 ]
[ 0 0 0 0 0 32 24 -104 0 0 ]
[ 104 -104 -24 24 -144 -8 20 20 8 176 ]
[ -12 -28 92 -52 -168 156 -60 20 164 152 ]
[ -24 104 -104 24 -16 -8 -24 104 -24 16 ]
[ -28 -12 -52 92 168 -164 20 -60 -156 -152 ]
[ 0 0 0 0 0 0 48 208 0 32 ]
[ 24 -104 104 -24 -16 8 0 0 -8 16 ]
[ -24 104 -104 24 -16 -8 -48 -208 8 -16 ]
[ -48 -208 208 48 32 -16 0 0 -16 32 ]
[ 0 0 0 0 0 0 24 -104 -32 0 ]
[ 48 208 -208 -48 -32 -16 -24 104 16 -32 ]
[ 48 208 -208 -48 32 16 -48 -208 16 0 ]
[ -24 104 -104 24 16 24 -24 104 8 -16 ]
[ -24 -312 312 24 -16 -8 72 104 8 -16 ]
[ 0 0 0 0 -32 0 -48 -208 0 0 ]
[ -24 104 -104 24 -16 -8 0 0 8 16 ]
[ 24 -104 104 -24 16 8 48 208 -8 16 ]
[ 48 208 -208 -48 -32 -16 0 0 -16 -32 ]
[ 0 0 0 0 0 -32 -24 104 0 0 ]
[ -48 -208 208 48 32 16 24 -104 -16 32 ]
[ -48 -208 208 48 0 16 48 208 16 -32 ]
[ 24 -104 104 -24 16 8 24 -104 24 -16 ]
[ 24 312 -312 -24 16 8 -72 -104 -8 16 ]
