[ -0.69697 0.69697 1 -1 0.818182 -0.106061 0.0757576 0.0757576 0.106061 -0.393939 ]
[ 0.230769 1 -1 -0.230769 -0.538462 0.0769231 0 0 0.0769231 -0.538462 ]
[ 1 -1 -0.69697 0.69697 -0.393939 0.106061 -0.0757576 -0.0757576 -0.106061 0.818182 ]
[ -0.993007 0.769231 0.909091 -0.685315 0.041958 0.79021 0.202797 -0.244755 1 0.377622 ]
[ -0.0432692 -0.1875 0.1875 0.0432692 -0.4375 -0.0144231 0.230769 1 -0.0144231 -0.283654 ]
[ 0.909091 -0.685315 -0.993007 0.769231 0.377622 -0.79021 0.244755 -0.202797 -1 0.041958 ]
[ 0.674419 -0.44186 -0.674419 0.44186 -0.139535 -0.860465 -0.232558 0.232558 -1 -0.139535 ]
[ 0 0 0 0 0.307692 0 -0.230769 -1 0 0.153846 ]
[ -0.674419 0.44186 0.674419 -0.44186 -0.139535 0.860465 -0.232558 0.232558 1 -0.139535 ]
[ -0.69697 0.69697 1 -1 0.818182 0.106061 -0.0757576 -0.0757576 -0.106061 -0.393939 ]
[ 0 0 0 0 0 -0.384615 -0.230769 1 0.692308 0 ]
[ -0.769231 0.993007 0.685315 -0.909091 0.041958 1 0.244755 -0.202797 0.79021 0.377622 ]
[ 0.230769 -1 1 -0.230769 -0.153846 -0.389423 0.0432692 -0.1875 0.331731 0.153846 ]
[ 0.44186 -0.674419 -0.44186 0.674419 -0.139535 -1 -0.232558 0.232558 -0.860465 -0.139535 ]
[ -0.230769 1 -1 0.230769 0.153846 0.230769 0 0 -0.230769 -0.153846 ]
[ -1 1 0.69697 -0.69697 0.393939 0.106061 -0.0757576 -0.0757576 -0.106061 -0.818182 ]
[ -0.230769 -1 1 0.230769 0.538462 0.0769231 0 0 0.0769231 0.538462 ]
[ -0.685315 0.909091 0.769231 -0.993007 -0.377622 1 -0.202797 0.244755 0.79021 -0.041958 ]
[ 0.0432692 0.1875 -0.1875 -0.0432692 0.283654 -0.0144231 -0.230769 -1 -0.0144231 0.4375 ]
[ 0.44186 -0.674419 -0.44186 0.674419 0.139535 -1 0.232558 -0.232558 -0.860465 0.139535 ]
[ 0 0 0 0 -0.153846 0 0.230769 1 0 -0.307692 ]
[ 0 0 0 0 0 0.692308 0.230769 -1 -0.384615 0 ]
[ -0.230769 1 -1 0.230769 -0.153846 0.331731 -0.0432692 0.1875 -0.389423 0.153846 ]
[ 0.230769 -1 1 -0.230769 0.153846 -0.230769 0 0 0.230769 -0.153846 ]
[ 0.230769 1 -1 -0.230769 -0.538462 -0.269231 -0.115385 0.5 0.269231 -0.538462 ]
[ 0.0795756 -0.758621 0.758621 -0.0795756 -0.397878 -0.198939 0.278515 1 0.198939 -0.397878 ]
[ -0.115385 0.5 -0.5 0.115385 0.230769 0.115385 -0.230769 -1 -0.115385 0.230769 ]
[ -1 1 0.69697 -0.69697 -0.393939 -0.106061 -0.0757576 -0.0757576 0.106061 0.818182 ]
[ -0.230769 -1 1 0.230769 -0.538462 -0.0769231 0 0 -0.0769231 -0.538462 ]
[ 0.69697 -0.69697 -1 1 0.818182 0.106061 0.0757576 0.0757576 -0.106061 -0.393939 ]
[ -0.685315 0.909091 0.769231 -0.993007 0.377622 -1 -0.202797 0.244755 -0.79021 0.041958 ]
[ 0.0432692 0.1875 -0.1875 -0.0432692 -0.283654 0.0144231 -0.230769 -1 0.0144231 -0.4375 ]
[ 0.769231 -0.993007 -0.685315 0.909091 0.041958 1 -0.244755 0.202797 0.79021 0.377622 ]
[ 0.44186 -0.674419 -0.44186 0.674419 -0.139535 1 0.232558 -0.232558 0.860465 -0.139535 ]
[ 0 0 0 0 0.153846 0 0.230769 1 0 0.307692 ]
[ -0.44186 0.674419 0.44186 -0.674419 -0.139535 -1 0.232558 -0.232558 -0.860465 -0.139535 ]
[ -1 1 0.69697 -0.69697 -0.393939 0.106061 0.0757576 0.0757576 -0.106061 0.818182 ]
[ 0 0 0 0 0 -0.692308 0.230769 -1 0.384615 0 ]
[ -0.909091 0.685315 0.993007 -0.769231 0.377622 -0.79021 -0.244755 0.202797 -1 0.041958 ]
[ -0.230769 1 -1 0.230769 0.153846 -0.331731 -0.0432692 0.1875 0.389423 -0.153846 ]
[ 0.674419 -0.44186 -0.674419 0.44186 -0.139535 0.860465 0.232558 -0.232558 1 -0.139535 ]
[ 0.230769 -1 1 -0.230769 -0.153846 0.230769 0 0 -0.230769 0.153846 ]
[ -0.69697 0.69697 1 -1 -0.818182 0.106061 0.0757576 0.0757576 -0.106061 0.393939 ]
[ 0.230769 1 -1 -0.230769 0.538462 -0.0769231 0 0 -0.0769231 0.538462 ]
[ -0.993007 0.769231 0.909091 -0.685315 -0.041958 -0.79021 0.202797 -0.244755 -1 -0.377622 ]
[ -0.0432692 -0.1875 0.1875 0.0432692 0.4375 0.0144231 0.230769 1 0.0144231 0.283654 ]
[ 0.674419 -0.44186 -0.674419 0.44186 0.139535 0.860465 -0.232558 0.232558 1 0.139535 ]
[ 0 0 0 0 -0.307692 -0 -0.230769 -1 0 -0.153846 ]
[ 0 0 0 0 0 0.384615 -0.230769 1 -0.692308 0 ]
[ 0.230769 -1 1 -0.230769 0.153846 0.389423 0.0432692 -0.1875 -0.331731 -0.153846 ]
[ -0.230769 1 -1 0.230769 -0.153846 -0.230769 0 0 0.230769 0.153846 ]
[ -0.230769 -1 1 0.230769 -0.538462 -0.269231 0.115385 -0.5 0.269231 -0.538462 ]
[ -0.0795756 0.758621 -0.758621 0.0795756 -0.397878 -0.198939 -0.278515 -1 0.198939 -0.397878 ]
[ 0.115385 -0.5 0.5 -0.115385 0.230769 0.115385 0.230769 1 -0.115385 0.230769 ]
[ -0.590909 0.590909 0.136364 -0.136364 -0.818182 -0.0454545 -0.113636 -0.113636 0.0454545 1 ]
[ -0.230769 -1 1 0.230769 -0.153846 -0.0769231 0 0 -0.0769231 -0.153846 ]
[ 0.136364 -0.136364 -0.590909 0.590909 1 0.0454545 0.113636 0.113636 -0.0454545 -0.818182 ]
[ 0.547619 -0.309524 -0.0714286 -0.166667 0.904762 -0.928571 -0.119048 0.357143 -0.97619 -1 ]
[ 0.230769 1 -1 -0.230769 0.153846 0.0769231 -0.230769 -1 0.0769231 0 ]
[ -0.0714286 -0.166667 0.547619 -0.309524 -1 0.928571 -0.357143 0.119048 0.97619 0.904762 ]
[ -0.590909 0.590909 0.136364 -0.136364 -0.818182 0.0454545 0.113636 0.113636 -0.0454545 1 ]
[ 0 0 0 0 0 -0.307692 0.230769 -1 0 0 ]
[ 0.309524 -0.547619 0.166667 0.0714286 0.904762 -0.97619 -0.357143 0.119048 -0.928571 -1 ]
[ -0.230769 1 -1 0.230769 0.153846 0.230769 -0.230769 1 0.0769231 -0.153846 ]
[ -0.136364 0.136364 0.590909 -0.590909 -1 0.0454545 0.113636 0.113636 -0.0454545 0.818182 ]
[ 0.230769 1 -1 -0.230769 0.153846 -0.0769231 0 0 -0.0769231 0.153846 ]
[ -0.166667 -0.0714286 -0.309524 0.547619 1 -0.97619 0.119048 -0.357143 -0.928571 -0.904762 ]
[ -0.230769 -1 1 0.230769 0 0.0769231 0.230769 1 0.0769231 -0.153846 ]
[ 0 0 0 0 0 0 -0.230769 1 -0.307692 0 ]
[ 0.230769 -1 1 -0.230769 0.153846 0.0769231 0.230769 -1 0.230769 -0.153846 ]
[ -0.230769 -1 1 0.230769 -0.153846 -0.0769231 0.115385 -0.5 0.0769231 -0.153846 ]
[ 0.0769231 1 -1 -0.0769231 0.0512821 0.025641 -0.230769 -0.333333 -0.025641 0.0512821 ]
[ -0.0731707 0.317073 0.0731707 -0.317073 0.0487805 -1 -0.243902 0.243902 -0.95122 0.0487805 ]
[ 0 0 0 0 0 0 -0.230769 -1 0 -0.153846 ]
[ 0.0731707 -0.317073 -0.0731707 0.317073 0.0487805 1 -0.243902 0.243902 0.95122 0.0487805 ]
[ -0.136364 0.136364 0.590909 -0.590909 1 -0.0454545 0.113636 0.113636 0.0454545 -0.818182 ]
[ 0.230769 1 -1 -0.230769 -0.153846 0.0769231 0 0 0.0769231 -0.153846 ]
[ 0.590909 -0.590909 -0.136364 0.136364 -0.818182 0.0454545 -0.113636 -0.113636 -0.0454545 1 ]
[ -0.317073 0.0731707 0.317073 -0.0731707 0.0487805 -0.95122 -0.243902 0.243902 -1 0.0487805 ]
[ -0.230769 1 -1 0.230769 0.153846 -0.0769231 0 0 0.0769231 -0.153846 ]
[ -0.136364 0.136364 0.590909 -0.590909 1 0.0454545 -0.113636 -0.113636 -0.0454545 -0.818182 ]
[ 0 0 0 0 0 0 -0.230769 1 0.307692 0 ]
[ -0.317073 0.0731707 0.317073 -0.0731707 -0.0487805 -0.95122 0.243902 -0.243902 -1 -0.0487805 ]
[ 0 0 0 0 0.153846 0 0.230769 1 0 0 ]
[ -0.590909 0.590909 0.136364 -0.136364 0.818182 0.0454545 -0.113636 -0.113636 -0.0454545 -1 ]
[ -0.230769 -1 1 0.230769 0.153846 0.0769231 0 0 0.0769231 0.153846 ]
[ 0.230769 -1 1 -0.230769 0.153846 0.0769231 0 0 -0.0769231 -0.153846 ]
[ 0 0 0 0 0 0.307692 0.230769 -1 0 0 ]
[ -0.115385 0.5 -0.5 0.115385 -0.0769231 -0.0384615 -0.230769 -1 0.0384615 -0.0769231 ]
[ 0.230769 1 -1 -0.230769 -0.153846 -0.0769231 -0.115385 0.5 0.0769231 -0.153846 ]
