[ -1 -1 -1 -1 1 0 0 0 0 -1 ]
[ -0.875 -0.875 -0.875 -0.875 1 0 0 0 0 -1 ]
[ -1 -1 -1 -1 1 0 0.5 0.5 0 -1 ]
[ -1 -1 -1 -1 -1 0 0 0 0 1 ]
[ -0.875 -0.875 -0.875 -0.875 -1 0 0 0 0 1 ]
[ -1 -1 -1 -1 -1 0 -0.5 -0.5 0 1 ]
[ -1 -1 -1 -1 0 1 0 0 1 0 ]
[ -0.875 -0.875 -0.875 -0.875 0 1 0 0 1 0 ]
[ -1 -1 -0.333333 -0.333333 0 0.666667 0 0 0.666667 0 ]
[ -1 -1 -1 -1 0 -1 0 0 -1 0 ]
[ -0.875 -0.875 -0.875 -0.875 0 -1 0 0 -1 0 ]
[ -0.333333 -0.333333 -1 -1 0 -0.666667 0 0 -0.666667 0 ]
[ -1 -1 -1 -1 0.8 0.8 0 0 0.8 -0.8 ]
[ -1 -1 -0.478261 -0.478261 0.521739 0.521739 0.26087 0.26087 0.521739 -0.521739 ]
[ -1 -1 -1 -1 0.8 -0.8 0 0 -0.8 -0.8 ]
[ -0.478261 -0.478261 -1 -1 0.521739 -0.521739 0.26087 0.26087 -0.521739 -0.521739 ]
[ -1 -1 -1 -1 -0.8 -0.8 0 0 -0.8 0.8 ]
[ -0.478261 -0.478261 -1 -1 -0.521739 -0.521739 -0.26087 -0.26087 -0.521739 0.521739 ]
[ -1 -1 -1 -1 -0.8 0.8 0 0 0.8 0.8 ]
[ -1 -1 -0.478261 -0.478261 -0.521739 0.521739 -0.26087 -0.26087 0.521739 0.521739 ]
